1 ((5, 2), , , ) X
2 ((5, 3), , , ) Y
3 ((5, 4), , , ) I
4 ((5, 5), , , ) A
5 ((5, 6), , , ) L91
6 ((5, 7), , , ) L92
7 ((1, 4), (3, 2), , (5, 4)) I=1
8 ((1, 4), (3, 3), , (5, 2)) X=5
9 ((1, 4), (3, 4), , (5, 3)) Y=11
10 ((2, 15), , , (5, 6)) L91
11 ((2, 10), (5, 2), (5, 3), (0, 1)) T1=X GT Y
12 ((2, 12), (0, 1), , (5, 8)) IF T1 == FALSE GO TO L1
13 ((2, 11), , , (5, 7)) GTO L92
14 ((2, 15), , , (5, 8)) L1
15 ((1, 5), (5, 2), (3, 5), (0, 2)) T2=X+2
16 ((1, 4), (0, 2), , (5, 2)) X=T2
17 ((1, 4), (5, 2), (5, 4), (5, 5)) A(I)=X
18 ((1, 5), (5, 4), (3, 2), (0, 3)) T3=I+1
19 ((1, 4), (0, 3), , (5, 4)) I=T3
20 ((2, 11), , , (5, 6)) GTO L91
21 ((2, 15), , , (5, 7)) L92
22 ((2, 6), , , ) ENP
